32
0 359 22081 6249 24 217.388
1 81 30280 5194 12 20.6918
2 809 50101 39098 32 1484.82
3 498 24754 27107 28 345.641
4 124 48786 34900 28 386.217
5 795 2303 36327 40 106.783
6 886 22700 31022 16 186.452
7 563 62350 17609 12 189.497
8 870 33558 4109 32 1050.85
9 561 24796 12451 12 81.5245
10 293 60393 12549 40 1049.9
11 88 34822 1118 20 52.0396
12 427 1590 4301 28 22.9879
13 667 62360 42068 16 380.944
14 14 8210 14452 8 5.15642
15 289 14715 3548 32 168.32
16 624 8960 2110 40 315.197
17 577 20057 11772 24 245.703
18 574 54855 34430 32 1115.74
19 490 43364 4971 4 23.4961
20 911 47478 22620 36 1972.93
21 748 42744 37947 8 87.1981
22 562 9364 36156 4 10.1584
23 492 35073 32731 12 97.6241
24 258 45156 47358 40 864.21
25 251 17050 7850 36 197.89
26 507 5616 11729 12 16.6432
27 5 58677 46972 28 443.138
28 373 11465 21950 8 11.9666
29 137 8009 12124 40 72.9567
30 680 19644 13839 32 491.956
31 945 44441 42225 24 862.224

